2 0 2 0
b
0 0 2
d
2 0 2
b
2 1 4
g
3 2 4
d
1 0 4
h
2 3 4
g
0 2 4
b
1 1 4
d
0 3 4
b
2 1 2
h
3 1 2
d
1 2 2
b
2 0 2
g
2 3 4
h
3 1 2
g
1 3 4
h
3 3 4
g
1 1 2
h
1 3 2
g
2 1 4
h
3 2 2
g
2 2 2
h
2 2 2
g
0 3 4
h
1 2 2
g
1 3 4
h
3 3 4
g
1 3 2
h
3 1 4
g
3 3 2
h
3 2 2
g
3 3 2
h
3 0 2
g
2 1 2
h
3 0 2
g
1 3 4
h
3 1 4
g
1 3 4
h
3 2 4
g
3 1 2
h
1 2 2
g
0 3 4
h
2 1 4
g
3 0 2
h
2 3 4
g
1 2 4
h
3 3 2
g
3 1 2
h
0 3 2
g
3 1 2
h
2 3 2
g
3 1 2
h
3 2 2
g
3 3 4
h
3 1 2
g
2 3 2
h
3 3 4
g
2 1 2
h
1 3 2
g
3 2 4
h
3 1 2
g
3 3 2
h
3 1 2
g
2 3 2
h
2 2 2
g
2 3 4
h
3 1 4
g
3 2 4
h
3 2 2
g
2 3 4
h
2 2 2
g
3 3 4
h
3 1 4
g
3 2 4
h
3 3 4
